{"uid":"@TREE-a44d69-1a2-1f2c9f3-2","object_class":"Scene","external_repository":null,"extra":{"viewport_layout":{"mode":1,"viewports":[{"name":"perspective","viewport":[0,0,1,1],"render_settings":null,"editor_camera":{"object_class":"Camera","uid":"@CAMa44d69-476-1759c27-9","layers":255,"enabled":true,"type":1,"eye":[4.190094470977783,8.340514183044434,14.217287063598633],"center":[4.193351745605469,4.380707740783691,5.779154300689697],"up":[0,1,0],"near":0.1,"far":10000,"fov":45,"aspect":1,"orthographic":[-1,1,-1,1],"background_color":[0,0,0,1],"frustum_size":50,"viewport":[0,0,1,1],"render_to_texture":false,"frame":null,"show_frame":true,"clear_color":true,"clear_depth":true},"scene_camera":null}]},"editor":{"selected_node":"@NODE-a44d69-edaf-16ee6f8-276"},"folder":"brioluk/projects/animatic01","filename":"RigOK_scaleNoCamera.scene.json","fullpath":"brioluk/projects/animatic01/RigOK_scaleNoCamera.scene.json"},"root":{"object_class":"SceneNode","name":"root","uid":"@NODE-a44d69-491-1713a90-a","layers":3,"flags":{"visible":true,"is_static":false,"selectable":true,"locked":false},"children":[{"object_class":"SceneNode","name":"animatic03_scaletest.dae","uid":"@NODE-a44d69-edaf-16ee6f8-276","layers":3,"flags":{"visible":true,"is_static":false,"selectable":true,"locked":false},"children":[{"object_class":"SceneNode","name":"Camera","uid":"@animatic03_scaletest::Camera","layers":3,"node_type":"NODE","flags":{"visible":true,"is_static":false,"selectable":true,"locked":false},"components":[["Transform",{"object_class":"Transform","uid":"@COMP-a44d69-edb0-17cbc45-27a","position":[7.4811320304870605,-6.5076398849487305,5.34366512298584],"rotation":[0.483536034822464,0.20870360732078552,0.33687159419059753,0.7804827094078064],"scaling":[1,0.9999999403953552,1],"matrix":[0.6859206557273865,0.7276763319969177,-4.011331711240018e-9,0,-0.32401344180107117,0.305420845746994,0.8953955769538879,0,0.6515582203865051,-0.6141703724861145,0.44527140259742737,0,7.4811320304870605,-6.5076398849487305,5.34366512298584,1]}],["Camera",{"object_class":"Camera","uid":"@COMP-a44d69-edb0-1e7f697-27b","layers":3,"enabled":true,"type":1,"eye":[0,0,0],"center":[0,0,-100],"up":[0,1,0],"near":0.1,"far":100,"fov":49.13434,"aspect":1.777778,"orthographic":[-1,1,-1,1],"background_color":[0,0,0,1],"frustum_size":50,"viewport":[0,0,1,1],"render_to_texture":false,"frame":null,"show_frame":true,"clear_color":true,"clear_depth":true}]]},{"object_class":"SceneNode","name":"Null_1","uid":"@animatic03_scaletest::Null_1","layers":3,"node_type":"NODE","flags":{"visible":true,"is_static":false,"selectable":true,"locked":false},"children":[{"object_class":"SceneNode","name":"Spaceship01","uid":"@animatic03_scaletest::Spaceship01","layers":3,"node_type":"NODE","flags":{"visible":true,"is_static":false,"selectable":true,"locked":false},"children":[{"object_class":"SceneNode","name":"Engine","uid":"@animatic03_scaletest::Engine","layers":3,"node_type":"NODE","flags":{"visible":true,"is_static":false,"selectable":true,"locked":false},"children":[{"object_class":"SceneNode","name":"Cylinder001","uid":"@animatic03_scaletest::Cylinder001","layers":3,"node_type":"NODE","flags":{"visible":true,"is_static":false,"selectable":true,"locked":false},"editor":{"collapsed":true},"components":[["Transform",{"object_class":"Transform","uid":"@COMP-a44d69-edb0-180da2e-283","position":[3.622833013534546,108.93350219726562,-1.427489995956421],"rotation":[-0.5000000596046448,-0.4999999403953552,0.5000000596046448,-0.4999999403953552],"scaling":[0.9999998807907104,1,0.9999998807907104],"matrix":[-1.4210853021136109e-14,0,-0.9999998807907104,0,1,-2.384185791015625e-7,0,0,-2.3841855067985307e-7,-0.9999998807907104,-1.4210853021136109e-14,0,3.622833013534546,108.93350219726562,-1.427489995956421,1]}],["MeshRenderer",{"object_class":"MeshRenderer","enabled":true,"uid":"@COMP-a44d69-edb0-1aaa3ea-285","mesh":"brioluk/projects/animatic01/animatic03_scaletest__Untitled_007-mesh.wbin","submaterials":[]}]]},{"object_class":"SceneNode","name":"Cylinder002","uid":"@animatic03_scaletest::Cylinder002","layers":3,"node_type":"NODE","flags":{"visible":true,"is_static":false,"selectable":true,"locked":false},"children":[{"object_class":"SceneNode","name":"Cylinder002_2","uid":"@animatic03_scaletest::Cylinder002_2","layers":3,"node_type":"NODE","material":"_3_-_Default-material.json","flags":{"visible":true,"is_static":false,"selectable":true,"locked":false},"editor":{"collapsed":true},"components":[["Transform",{"object_class":"Transform","uid":"@COMP-a44d69-edb0-1fa2774-289","position":[0,0,0],"rotation":[-7.490574827073715e-10,3.899157108300244e-10,2.235172402720309e-8,1],"scaling":[1,1,1]}],["MeshRenderer",{"object_class":"MeshRenderer","enabled":true,"uid":"@COMP-a44d69-edb0-18b6dcf-28b","mesh":"brioluk/projects/animatic01/animatic03_scaletest__Untitled_008-mesh.wbin","material":"_3_-_Default-material.json","submaterials":[]}]]}],"editor":{"collapsed":true},"components":[["Transform",{"object_class":"Transform","uid":"@COMP-a44d69-edb0-1dd95f9-287","position":[3.6397929191589355,118.07260131835938,41.34614944458008],"rotation":[0.7071068286895752,-2.0100538122846956e-8,2.1073415013006525e-8,0.7071067094802856],"scaling":[1,1,0.9999998807907104],"matrix":[1,1.375850766649478e-9,5.8228760480005803e-8,0,-5.8228760480005803e-8,-1.3435885648505064e-7,0.9999999403953552,0,1.3758604255897922e-9,-0.9999998211860657,-1.3435884227419592e-7,0,3.6397929191589355,118.07260131835938,41.34614944458008,1]}]]},{"object_class":"SceneNode","name":"Cylinder003","uid":"@animatic03_scaletest::Cylinder003","layers":3,"node_type":"NODE","flags":{"visible":true,"is_static":false,"selectable":true,"locked":false},"children":[{"object_class":"SceneNode","name":"Cylinder003_2","uid":"@animatic03_scaletest::Cylinder003_2","layers":3,"node_type":"NODE","material":"_3_-_Default-material.json","flags":{"visible":true,"is_static":false,"selectable":true,"locked":false},"editor":{"collapsed":true},"components":[["Transform",{"object_class":"Transform","uid":"@COMP-a44d69-edb0-1a8f230-28f","position":[0,0,0],"rotation":[-7.490574827073715e-10,3.899157108300244e-10,1.49011496475282e-8,1],"scaling":[1,1,1]}],["MeshRenderer",{"object_class":"MeshRenderer","enabled":true,"uid":"@COMP-a44d69-edb0-11180aa-291","mesh":"brioluk/projects/animatic01/animatic03_scaletest__Untitled_051-mesh.wbin","material":"_3_-_Default-material.json","submaterials":[]}]]}],"editor":{"collapsed":true},"components":[["Transform",{"object_class":"Transform","uid":"@COMP-a44d69-edb0-198aba4-28d","position":[3.639801025390625,118.07260131835938,-44.305789947509766],"rotation":[0.7071068286895752,-2.0100538122846956e-8,2.1073415013006525e-8,0.7071067094802856],"scaling":[1,1,0.9999998807907104],"matrix":[1,1.375850766649478e-9,5.8228760480005803e-8,0,-5.8228760480005803e-8,-1.3435885648505064e-7,0.9999999403953552,0,1.3758604255897922e-9,-0.9999998211860657,-1.3435884227419592e-7,0,3.639801025390625,118.07260131835938,-44.305789947509766,1]}]]},{"object_class":"SceneNode","name":"Cylinder004","uid":"@animatic03_scaletest::Cylinder004","layers":3,"node_type":"NODE","flags":{"visible":true,"is_static":false,"selectable":true,"locked":false},"children":[{"object_class":"SceneNode","name":"Cylinder004_2","uid":"@animatic03_scaletest::Cylinder004_2","layers":3,"node_type":"NODE","material":"_3_-_Default-material.json","flags":{"visible":true,"is_static":false,"selectable":true,"locked":false},"editor":{"collapsed":true},"components":[["Transform",{"object_class":"Transform","uid":"@COMP-a44d69-edb1-1f0e718-295","position":[-0.000003814699994109105,0.000003814699994109105,0],"rotation":[-1.0287992679991476e-9,4.618923021837418e-9,0,1],"scaling":[1,1,1]}],["MeshRenderer",{"object_class":"MeshRenderer","enabled":true,"uid":"@COMP-a44d69-edb1-13a65f6-297","mesh":"brioluk/projects/animatic01/animatic03_scaletest__Untitled_010-mesh.wbin","material":"_3_-_Default-material.json","submaterials":[]}]]}],"editor":{"collapsed":true},"components":[["Transform",{"object_class":"Transform","uid":"@COMP-a44d69-edb1-1ea5603-293","position":[10.916350364685059,118.07260131835938,-43.68307876586914],"rotation":[0.704531729221344,-0.06029161810874939,0.06029164791107178,0.7045316696166992],"scaling":[1,0.9999999403953552,0.9999998807907104],"matrix":[0.9854596853256226,3.480603893990519e-8,0.16990946233272552,0,-0.16990944743156433,-8.057489253587846e-8,0.9854596257209778,0,4.918067730841358e-8,-0.9999998807907104,-7.338756802255375e-8,0,10.916350364685059,118.07260131835938,-43.68307876586914,1]}]]},{"object_class":"SceneNode","name":"Cylinder005","uid":"@animatic03_scaletest::Cylinder005","layers":3,"node_type":"NODE","flags":{"visible":true,"is_static":false,"selectable":true,"locked":false},"children":[{"object_class":"SceneNode","name":"Cylinder005_2","uid":"@animatic03_scaletest::Cylinder005_2","layers":3,"node_type":"NODE","material":"_3_-_Default-material.json","flags":{"visible":true,"is_static":false,"selectable":true,"locked":false},"editor":{"collapsed":true},"components":[["Transform",{"object_class":"Transform","uid":"@COMP-a44d69-edb1-109b891-29b","position":[0,0,0.00003051759995287284],"rotation":[-1.0287974916423082e-9,-1.4945547577305263e-10,1.49011496475282e-8,1],"scaling":[1,1,1]}],["MeshRenderer",{"object_class":"MeshRenderer","enabled":true,"uid":"@COMP-a44d69-edb1-17b845a-29d","mesh":"brioluk/projects/animatic01/animatic03_scaletest__Untitled_012-mesh.wbin","material":"_3_-_Default-material.json","submaterials":[]}]]}],"editor":{"collapsed":true},"components":[["Transform",{"object_class":"Transform","uid":"@COMP-a44d69-edb1-1619e1c-299","position":[-3.636742115020752,118.07260131835938,40.72343063354492],"rotation":[0.704531729221344,-0.06029161810874939,0.06029164791107178,0.7045316696166992],"scaling":[1,0.9999999403953552,0.9999998807907104],"matrix":[0.9854596853256226,3.480603893990519e-8,0.16990946233272552,0,-0.16990944743156433,-8.057489253587846e-8,0.9854596257209778,0,4.918067730841358e-8,-0.9999998807907104,-7.338756802255375e-8,0,-3.636742115020752,118.07260131835938,40.72343063354492,1]}]]},{"object_class":"SceneNode","name":"Cylinder006","uid":"@animatic03_scaletest::Cylinder006","layers":3,"node_type":"NODE","flags":{"visible":true,"is_static":false,"selectable":true,"locked":false},"children":[{"object_class":"SceneNode","name":"Cylinder006_2","uid":"@animatic03_scaletest::Cylinder006_2","layers":3,"node_type":"NODE","material":"_3_-_Default-material.json","flags":{"visible":true,"is_static":false,"selectable":true,"locked":false},"editor":{"collapsed":true},"components":[["Transform",{"object_class":"Transform","uid":"@COMP-a44d69-edb1-196ba2b-2a1","position":[0.000005722049991163658,0.000007629389983776491,0],"rotation":[2.5319017993297166e-9,-7.557766079635542e-10,-1.49011496475282e-8,1],"scaling":[1,1,1]}],["MeshRenderer",{"object_class":"MeshRenderer","enabled":true,"uid":"@COMP-a44d69-edb1-1bf169c-2a3","mesh":"brioluk/projects/animatic01/animatic03_scaletest__Untitled_050-mesh.wbin","material":"_3_-_Default-material.json","submaterials":[]}]]}],"editor":{"collapsed":true},"components":[["Transform",{"object_class":"Transform","uid":"@COMP-a44d69-edb1-14d4d2f-29f","position":[25.021480560302734,118.07260131835938,-38.58626174926758],"rotation":[0.6830899119377136,-0.18272440135478973,0.18272443115711212,0.6830898523330688],"scaling":[1,1.0000001192092896,0.9999998807907104],"matrix":[0.8664471507072449,1.893288192889031e-8,0.4992688000202179,0,-0.49926885962486267,-9.10655444386066e-8,0.8664472699165344,0,6.249776873801238e-8,-0.9999998807907104,-6.928307527687139e-8,0,25.021480560302734,118.07260131835938,-38.58626174926758,1]}]]},{"object_class":"SceneNode","name":"Cylinder007","uid":"@animatic03_scaletest::Cylinder007","layers":3,"node_type":"NODE","flags":{"visible":true,"is_static":false,"selectable":true,"locked":false},"children":[{"object_class":"SceneNode","name":"Cylinder007_2","uid":"@animatic03_scaletest::Cylinder007_2","layers":3,"node_type":"NODE","material":"_3_-_Default-material.json","flags":{"visible":true,"is_static":false,"selectable":true,"locked":false},"editor":{"collapsed":true},"components":[["Transform",{"object_class":"Transform","uid":"@COMP-a44d69-edb1-1cf00fe-2a7","position":[9.536739753457368e-7,0.00001525879997643642,-0.00003051759995287284],"rotation":[-2.2364716745215674e-9,-1.5972910494266301e-10,-2.980232594040899e-8,1],"scaling":[1,1,1]}],["MeshRenderer",{"object_class":"MeshRenderer","enabled":true,"uid":"@COMP-a44d69-edb1-1d2a8ef-2a9","mesh":"brioluk/projects/animatic01/animatic03_scaletest__Untitled_052-mesh.wbin","material":"_3_-_Default-material.json","submaterials":[]}]]}],"editor":{"collapsed":true},"components":[["Transform",{"object_class":"Transform","uid":"@COMP-a44d69-edb1-1ef51cd-2a5","position":[-17.741880416870117,118.07260131835938,35.62662124633789],"rotation":[0.6830899119377136,-0.18272440135478973,0.18272443115711212,0.6830898523330688],"scaling":[1,1.0000001192092896,0.9999998807907104],"matrix":[0.8664471507072449,1.893288192889031e-8,0.4992688000202179,0,-0.49926885962486267,-9.10655444386066e-8,0.8664472699165344,0,6.249776873801238e-8,-0.9999998807907104,-6.928307527687139e-8,0,-17.741880416870117,118.07260131835938,35.62662124633789,1]}]]},{"object_class":"SceneNode","name":"Cylinder008","uid":"@animatic03_scaletest::Cylinder008","layers":3,"node_type":"NODE","flags":{"visible":true,"is_static":false,"selectable":true,"locked":false},"children":[{"object_class":"SceneNode","name":"Cylinder008_2","uid":"@animatic03_scaletest::Cylinder008_2","layers":3,"node_type":"NODE","material":"_3_-_Default-material.json","flags":{"visible":true,"is_static":false,"selectable":true,"locked":false},"editor":{"collapsed":true},"components":[["Transform",{"object_class":"Transform","uid":"@COMP-a44d69-edb1-1dc6893-2ad","position":[-0.000003814699994109105,-0.00001525879997643642,-0.00003051759995287284],"rotation":[7.612277030943915e-9,-2.8310001010112273e-9,3.725282482491821e-8,1],"scaling":[1,1,1]}],["MeshRenderer",{"object_class":"MeshRenderer","enabled":true,"uid":"@COMP-a44d69-edb1-102da86-2af","mesh":"brioluk/projects/animatic01/animatic03_scaletest__Untitled_073-mesh.wbin","material":"_3_-_Default-material.json","submaterials":[]}]]}],"editor":{"collapsed":true},"components":[["Transform",{"object_class":"Transform","uid":"@COMP-a44d69-edb1-1f50769-2ab","position":[-11.126230239868164,118.07260131835938,38.72002029418945],"rotation":[0.6961823105812073,-0.1238151490688324,0.12381520867347717,0.6961823105812073],"scaling":[1,1,0.9999998807907104],"matrix":[0.9386792182922363,8.299139864220706e-8,0.3447917401790619,0,-0.3447917401790619,-3.0930088712466386e-8,0.9386792182922363,0,8.29913915367797e-8,-0.9999998807907104,-1.4102512491120933e-9,0,-11.126230239868164,118.07260131835938,38.72002029418945,1]}]]},{"object_class":"SceneNode","name":"Cylinder009","uid":"@animatic03_scaletest::Cylinder009","layers":3,"node_type":"NODE","flags":{"visible":true,"is_static":false,"selectable":true,"locked":false},"children":[{"object_class":"SceneNode","name":"Cylinder009_2","uid":"@animatic03_scaletest::Cylinder009_2","layers":3,"node_type":"NODE","material":"_3_-_Default-material.json","flags":{"visible":true,"is_static":false,"selectable":true,"locked":false},"editor":{"collapsed":true},"components":[["Transform",{"object_class":"Transform","uid":"@COMP-a44d69-edb1-1b33703-2b3","position":[-0.000003814699994109105,0,0],"rotation":[-4.3086481049670056e-9,1.9373767035091305e-9,2.2351674289211587e-8,1],"scaling":[1,1,1]}],["MeshRenderer",{"object_class":"MeshRenderer","enabled":true,"uid":"@COMP-a44d69-edb1-14a6d6c-2b5","mesh":"brioluk/projects/animatic01/animatic03_scaletest__Untitled_037-mesh.wbin","material":"_3_-_Default-material.json","submaterials":[]}]]}],"editor":{"collapsed":true},"components":[["Transform",{"object_class":"Transform","uid":"@COMP-a44d69-edb1-14862cb-2b1","position":[18.405839920043945,118.07260131835938,-41.67966079711914],"rotation":[0.6961823105812073,-0.1238151490688324,0.12381520867347717,0.6961823105812073],"scaling":[1,1,0.9999998807907104],"matrix":[0.9386792182922363,8.299139864220706e-8,0.3447917401790619,0,-0.3447917401790619,-3.0930088712466386e-8,0.9386792182922363,0,8.29913915367797e-8,-0.9999998807907104,-1.4102512491120933e-9,0,18.405839920043945,118.07260131835938,-41.67966079711914,1]}]]},{"object_class":"SceneNode","name":"Cylinder010","uid":"@animatic03_scaletest::Cylinder010","layers":3,"node_type":"NODE","flags":{"visible":true,"is_static":false,"selectable":true,"locked":false},"children":[{"object_class":"SceneNode","name":"Cylinder010_2","uid":"@animatic03_scaletest::Cylinder010_2","layers":3,"node_type":"NODE","material":"_3_-_Default-material.json","flags":{"visible":true,"is_static":false,"selectable":true,"locked":false},"editor":{"collapsed":true},"components":[["Transform",{"object_class":"Transform","uid":"@COMP-a44d69-edb1-1ee3bef-2b9","position":[0,-0.000003814699994109105,0],"rotation":[3.20543678405949e-12,7.995122786041975e-9,-7.450600136849062e-9,1],"scaling":[1,1,1]}],["MeshRenderer",{"object_class":"MeshRenderer","enabled":true,"uid":"@COMP-a44d69-edb1-14ec184-2bb","mesh":"brioluk/projects/animatic01/animatic03_scaletest__Untitled_059-mesh.wbin","material":"_3_-_Default-material.json","submaterials":[]}]]}],"editor":{"collapsed":true},"components":[["Transform",{"object_class":"Transform","uid":"@COMP-a44d69-edb1-1b574e0-2b7","position":[43.85245895385742,118.07260131835938,-16.21091079711914],"rotation":[0.579649806022644,-0.40497666597366333,0.4049767255783081,0.5796497464179993],"scaling":[1,1,0.9999998807907104],"matrix":[0.3439755141735077,2.082265382341575e-8,0.9389786124229431,0,-0.9389786124229431,-9.176443427350023e-8,0.3439754843711853,0,1.173766079887173e-7,-0.9999998807907104,4.789533658566825e-9,0,43.85245895385742,118.07260131835938,-16.21091079711914,1]}]]},{"object_class":"SceneNode","name":"Cylinder011","uid":"@animatic03_scaletest::Cylinder011","layers":3,"node_type":"NODE","flags":{"visible":true,"is_static":false,"selectable":true,"locked":false},"children":[{"object_class":"SceneNode","name":"Cylinder011_2","uid":"@animatic03_scaletest::Cylinder011_2","layers":3,"node_type":"NODE","material":"_3_-_Default-material.json","flags":{"visible":true,"is_static":false,"selectable":true,"locked":false},"editor":{"collapsed":true},"components":[["Transform",{"object_class":"Transform","uid":"@COMP-a44d69-edb1-1923be8-2bf","position":[0,-0.00001525879997643642,0],"rotation":[-2.380980967942037e-9,8.425659614452741e-10,0,1],"scaling":[1,1,1]}],["MeshRenderer",{"object_class":"MeshRenderer","enabled":true,"uid":"@COMP-a44d69-edb1-1c7a4d6-2c1","mesh":"brioluk/projects/animatic01/animatic03_scaletest__Untitled_039-mesh.wbin","material":"_3_-_Default-material.json","submaterials":[]}]]}],"editor":{"collapsed":true},"components":[["Transform",{"object_class":"Transform","uid":"@COMP-a44d69-edb1-127d5c3-2bd","position":[-36.57286834716797,118.07260131835938,13.251270294189453],"rotation":[0.579649806022644,-0.40497666597366333,0.4049767255783081,0.5796497464179993],"scaling":[1,1,0.9999998807907104],"matrix":[0.3439755141735077,2.082265382341575e-8,0.9389786124229431,0,-0.9389786124229431,-9.176443427350023e-8,0.3439754843711853,0,1.173766079887173e-7,-0.9999998807907104,4.789533658566825e-9,0,-36.57286834716797,118.07260131835938,13.251270294189453,1]}]]},{"object_class":"SceneNode","name":"Cylinder012","uid":"@animatic03_scaletest::Cylinder012","layers":3,"node_type":"NODE","flags":{"visible":true,"is_static":false,"selectable":true,"locked":false},"children":[{"object_class":"SceneNode","name":"Cylinder012_2","uid":"@animatic03_scaletest::Cylinder012_2","layers":3,"node_type":"NODE","material":"_3_-_Default-material.json","flags":{"visible":true,"is_static":false,"selectable":true,"locked":false},"editor":{"collapsed":true},"components":[["Transform",{"object_class":"Transform","uid":"@COMP-a44d69-edb1-121c06d-2c5","position":[0,0,0],"rotation":[-1.9890613600637153e-9,1.8387289468790868e-9,2.9104007398528253e-11,1],"scaling":[1,0.9999998807907104,1]}],["MeshRenderer",{"object_class":"MeshRenderer","enabled":true,"uid":"@COMP-a44d69-edb1-13b4635-2c7","mesh":"brioluk/projects/animatic01/animatic03_scaletest__Untitled_066-mesh.wbin","material":"_3_-_Default-material.json","submaterials":[]}]]}],"editor":{"collapsed":true},"components":[["Transform",{"object_class":"Transform","uid":"@COMP-a44d69-edb1-134bd5b-2c3","position":[-33.485198974609375,118.07260131835938,19.869579315185547],"rotation":[0.6120694279670715,-0.3540777564048767,0.35407787561416626,0.6120692491531372],"scaling":[1,1,0.9999998807907104],"matrix":[0.49851560592651367,1.9300607334571396e-8,0.8668807148933411,0,-0.8668807148933411,-2.533027441131708e-7,0.4985155463218689,0,2.725567753714131e-7,-0.9999998211860657,-8.446529164984895e-8,0,-33.485198974609375,118.07260131835938,19.869579315185547,1]}]]},{"object_class":"SceneNode","name":"Cylinder013","uid":"@animatic03_scaletest::Cylinder013","layers":3,"node_type":"NODE","flags":{"visible":true,"is_static":false,"selectable":true,"locked":false},"children":[{"object_class":"SceneNode","name":"Cylinder013_2","uid":"@animatic03_scaletest::Cylinder013_2","layers":3,"node_type":"NODE","material":"_3_-_Default-material.json","flags":{"visible":true,"is_static":false,"selectable":true,"locked":false},"editor":{"collapsed":true},"components":[["Transform",{"object_class":"Transform","uid":"@COMP-a44d69-edb1-1b9fd7e-2cb","position":[0,-0.000003814699994109105,0],"rotation":[-1.9890613600637153e-9,1.8387288358567844e-9,8.731150524798892e-11,1],"scaling":[1,0.9999998807907104,1]}],["MeshRenderer",{"object_class":"MeshRenderer","enabled":true,"uid":"@COMP-a44d69-edb1-1e927be-2cd","mesh":"brioluk/projects/animatic01/animatic03_scaletest__Untitled_045-mesh.wbin","material":"_3_-_Default-material.json","submaterials":[]}]]}],"editor":{"collapsed":true},"components":[["Transform",{"object_class":"Transform","uid":"@COMP-a44d69-edb1-1c701d2-2c9","position":[40.764808654785156,118.07260131835938,-22.829219818115234],"rotation":[0.6120694279670715,-0.3540777564048767,0.35407787561416626,0.6120692491531372],"scaling":[1,1,0.9999998807907104],"matrix":[0.49851560592651367,1.9300607334571396e-8,0.8668807148933411,0,-0.8668807148933411,-2.533027441131708e-7,0.4985155463218689,0,2.725567753714131e-7,-0.9999998211860657,-8.446529164984895e-8,0,40.764808654785156,118.07260131835938,-22.829219818115234,1]}]]},{"object_class":"SceneNode","name":"Cylinder014","uid":"@animatic03_scaletest::Cylinder014","layers":3,"node_type":"NODE","flags":{"visible":true,"is_static":false,"selectable":true,"locked":false},"children":[{"object_class":"SceneNode","name":"Cylinder014_2","uid":"@animatic03_scaletest::Cylinder014_2","layers":3,"node_type":"NODE","material":"_3_-_Default-material.json","flags":{"visible":true,"is_static":false,"selectable":true,"locked":false},"editor":{"collapsed":true},"components":[["Transform",{"object_class":"Transform","uid":"@COMP-a44d69-edb1-1e32fee-2d1","position":[-0.000003814699994109105,-0.00001525879997643642,0],"rotation":[2.174295465895426e-10,-6.004920449775852e-10,-1.117587622445626e-8,1],"scaling":[1,0.9999998807907104,1]}],["MeshRenderer",{"object_class":"MeshRenderer","enabled":true,"uid":"@COMP-a44d69-edb1-1df0469-2d3","mesh":"brioluk/projects/animatic01/animatic03_scaletest__Untitled_028-mesh.wbin","material":"_3_-_Default-material.json","submaterials":[]}]]}],"editor":{"collapsed":true},"components":[["Transform",{"object_class":"Transform","uid":"@COMP-a44d69-edb1-1714783-2cf","position":[-29.027849197387695,118.07260131835938,26.212940216064453],"rotation":[0.6416063904762268,-0.29722267389297485,0.2972227931022644,0.6416062116622925],"scaling":[1,1,0.9999998807907104],"matrix":[0.646634578704834,4.667572994776492e-8,0.7627999186515808,0,-0.7627999186515808,-2.9807887358401786e-7,0.646634578704834,0,2.592659598121827e-7,-0.9999998807907104,-1.5635202998964814e-7,0,-29.027849197387695,118.07260131835938,26.212940216064453,1]}]]},{"object_class":"SceneNode","name":"Cylinder015","uid":"@animatic03_scaletest::Cylinder015","layers":3,"node_type":"NODE","flags":{"visible":true,"is_static":false,"selectable":true,"locked":false},"children":[{"object_class":"SceneNode","name":"Cylinder015_2","uid":"@animatic03_scaletest::Cylinder015_2","layers":3,"node_type":"NODE","material":"_3_-_Default-material.json","flags":{"visible":true,"is_static":false,"selectable":true,"locked":false},"editor":{"collapsed":true},"components":[["Transform",{"object_class":"Transform","uid":"@COMP-a44d69-edb1-188c172-2d7","position":[0.000005722049991163658,-0.00001525879997643642,0],"rotation":[-1.5924749519058423e-8,-2.806198162730311e-9,0,1],"scaling":[1,1,1]}],["MeshRenderer",{"object_class":"MeshRenderer","enabled":true,"uid":"@COMP-a44d69-edb1-1039835-2d9","mesh":"brioluk/projects/animatic01/animatic03_scaletest__Untitled_006-mesh.wbin","material":"_3_-_Default-material.json","submaterials":[]}]]}],"editor":{"collapsed":true},"components":[["Transform",{"object_class":"Transform","uid":"@COMP-a44d69-edb1-1aebaab-2d5","position":[-23.847579956054688,118.07260131835938,31.360809326171875],"rotation":[0.6646124720573425,-0.24143357574939728,0.2414335459470749,0.6646125912666321],"scaling":[1,1,0.9999998807907104],"matrix":[0.766839325428009,1.794825266188127e-8,0.6418390870094299,0,-0.6418390870094299,2.0975450354399072e-7,0.766839325428009,0,-9.717622617699817e-8,-0.9999998211860657,1.809733447544204e-7,0,-23.847579956054688,118.07260131835938,31.360809326171875,1]}]]},{"object_class":"SceneNode","name":"Cylinder016","uid":"@animatic03_scaletest::Cylinder016","layers":3,"node_type":"NODE","flags":{"visible":true,"is_static":false,"selectable":true,"locked":false},"children":[{"object_class":"SceneNode","name":"Cylinder016_2","uid":"@animatic03_scaletest::Cylinder016_2","layers":3,"node_type":"NODE","material":"_3_-_Default-material.json","flags":{"visible":true,"is_static":false,"selectable":true,"locked":false},"editor":{"collapsed":true},"components":[["Transform",{"object_class":"Transform","uid":"@COMP-a44d69-edb1-189d326-2dd","position":[9.536739753457368e-7,0,-0.00003051759995287284],"rotation":[-1.619628542393059e-9,-1.0180675191762134e-9,0,1],"scaling":[1,1,1]}],["MeshRenderer",{"object_class":"MeshRenderer","enabled":true,"uid":"@COMP-a44d69-edb1-140a56e-2df","mesh":"brioluk/projects/animatic01/animatic03_scaletest__Untitled_078-mesh.wbin","material":"_3_-_Default-material.json","submaterials":[]}]]}],"editor":{"collapsed":true},"components":[["Transform",{"object_class":"Transform","uid":"@COMP-a44d69-edb1-1bb473f-2db","position":[31.127180099487305,118.07260131835938,-34.32044982910156],"rotation":[0.6646124720573425,-0.24143357574939728,0.2414335459470749,0.6646125912666321],"scaling":[1,1,0.9999998807907104],"matrix":[0.766839325428009,1.794825266188127e-8,0.6418390870094299,0,-0.6418390870094299,2.0975450354399072e-7,0.766839325428009,0,-9.717622617699817e-8,-0.9999998211860657,1.809733447544204e-7,0,31.127180099487305,118.07260131835938,-34.32044982910156,1]}]]},{"object_class":"SceneNode","name":"Cylinder017","uid":"@animatic03_scaletest::Cylinder017","layers":3,"node_type":"NODE","flags":{"visible":true,"is_static":false,"selectable":true,"locked":false},"children":[{"object_class":"SceneNode","name":"Cylinder017_2","uid":"@animatic03_scaletest::Cylinder017_2","layers":3,"node_type":"NODE","material":"_3_-_Default-material.json","flags":{"visible":true,"is_static":false,"selectable":true,"locked":false},"editor":{"collapsed":true},"components":[["Transform",{"object_class":"Transform","uid":"@COMP-a44d69-edb2-11d9477-2e3","position":[0.0000019073499970545527,-0.000007629389983776491,0],"rotation":[-4.5509498391993475e-9,5.916013234852358e-10,-7.4505748237641e-9,1],"scaling":[1,1,1]}],["MeshRenderer",{"object_class":"MeshRenderer","enabled":true,"uid":"@COMP-a44d69-edb2-1d3be7a-2e5","mesh":"brioluk/projects/animatic01/animatic03_scaletest__Untitled_063-mesh.wbin","material":"_3_-_Default-material.json","submaterials":[]}]]}],"editor":{"collapsed":true},"components":[["Transform",{"object_class":"Transform","uid":"@COMP-a44d69-edb2-13611e8-2e1","position":[36.30744934082031,118.07260131835938,-29.17258071899414],"rotation":[0.6416063904762268,-0.29722267389297485,0.2972227931022644,0.6416062116622925],"scaling":[1,1,0.9999998807907104],"matrix":[0.646634578704834,4.667572994776492e-8,0.7627999186515808,0,-0.7627999186515808,-2.9807887358401786e-7,0.646634578704834,0,2.592659598121827e-7,-0.9999998807907104,-1.5635202998964814e-7,0,36.30744934082031,118.07260131835938,-29.17258071899414,1]}]]},{"object_class":"SceneNode","name":"Cylinder018","uid":"@animatic03_scaletest::Cylinder018","layers":3,"node_type":"NODE","flags":{"visible":true,"is_static":false,"selectable":true,"locked":false},"children":[{"object_class":"SceneNode","name":"Cylinder018_2","uid":"@animatic03_scaletest::Cylinder018_2","layers":3,"node_type":"NODE","material":"_3_-_Default-material.json","flags":{"visible":true,"is_static":false,"selectable":true,"locked":false},"editor":{"collapsed":true},"components":[["Transform",{"object_class":"Transform","uid":"@COMP-a44d69-edb2-1a4625d-2e9","position":[0.000007629389983776491,0.000007629389983776491,0],"rotation":[2.1516852743985737e-9,-3.3765250595507723e-9,0,1],"scaling":[1,1,1]}],["MeshRenderer",{"object_class":"MeshRenderer","enabled":true,"uid":"@COMP-a44d69-edb2-1d22ef6-2eb","mesh":"brioluk/projects/animatic01/animatic03_scaletest__Untitled_048-mesh.wbin","material":"_3_-_Default-material.json","submaterials":[]}]]}],"editor":{"collapsed":true},"components":[["Transform",{"object_class":"Transform","uid":"@COMP-a44d69-edb2-1fd74e9-2e7","position":[25.208589553833008,118.07260131835938,35.51816940307617],"rotation":[-0.18444837629795074,0.6826264262199402,-0.6826263666152954,-0.18444833159446716],"scaling":[1.0000001192092896,1.0000001192092896,0.9999998807907104],"matrix":[-0.8639153242111206,-8.301952192368844e-8,0.5036373138427734,0,-0.5036373138427734,8.016530728127691e-8,-0.8639153242111206,0,3.904359502371335e-8,-0.9999998807907104,-8.258550820983146e-8,0,25.208589553833008,118.07260131835938,35.51816940307617,1]}]]},{"object_class":"SceneNode","name":"Cylinder019","uid":"@animatic03_scaletest::Cylinder019","layers":3,"node_type":"NODE","flags":{"visible":true,"is_static":false,"selectable":true,"locked":false},"children":[{"object_class":"SceneNode","name":"Cylinder019_2","uid":"@animatic03_scaletest::Cylinder019_2","layers":3,"node_type":"NODE","material":"_3_-_Default-material.json","flags":{"visible":true,"is_static":false,"selectable":true,"locked":false},"editor":{"collapsed":true},"components":[["Transform",{"object_class":"Transform","uid":"@COMP-a44d69-edb2-163b9dc-2ef","position":[0.000007629389983776491,0,0],"rotation":[6.552355880096172e-11,-3.3765250595507723e-9,0,1],"scaling":[1,1,1]}],["MeshRenderer",{"object_class":"MeshRenderer","enabled":true,"uid":"@COMP-a44d69-edb2-19e8f7e-2f1","mesh":"brioluk/projects/animatic01/animatic03_scaletest__Untitled_049-mesh.wbin","material":"_3_-_Default-material.json","submaterials":[]}]]}],"editor":{"collapsed":true},"components":[["Transform",{"object_class":"Transform","uid":"@COMP-a44d69-edb2-1fb7c0e-2ed","position":[-17.92898941040039,118.07260131835938,-38.47780990600586],"rotation":[-0.18444837629795074,0.6826264262199402,-0.6826263666152954,-0.18444833159446716],"scaling":[1.0000001192092896,1.0000001192092896,0.9999998807907104],"matrix":[-0.8639153242111206,-8.301952192368844e-8,0.5036373138427734,0,-0.5036373138427734,8.016530728127691e-8,-0.8639153242111206,0,3.904359502371335e-8,-0.9999998807907104,-8.258550820983146e-8,0,-17.92898941040039,118.07260131835938,-38.47780990600586,1]}]]},{"object_class":"SceneNode","name":"Cylinder020","uid":"@animatic03_scaletest::Cylinder020","layers":3,"node_type":"NODE","flags":{"visible":true,"is_static":false,"selectable":true,"locked":false},"children":[{"object_class":"SceneNode","name":"Cylinder020_2","uid":"@animatic03_scaletest::Cylinder020_2","layers":3,"node_type":"NODE","material":"_3_-_Default-material.json","flags":{"visible":true,"is_static":false,"selectable":true,"locked":false},"editor":{"collapsed":true},"components":[["Transform",{"object_class":"Transform","uid":"@COMP-a44d69-edb2-1a59a9e-2f5","position":[0,0,0],"rotation":[-8.660566153118054e-10,-4.835773115274833e-9,-3.725300068424531e-9,1],"scaling":[1,1,1]}],["MeshRenderer",{"object_class":"MeshRenderer","enabled":true,"uid":"@COMP-a44d69-edb2-1aaec64-2f7","mesh":"brioluk/projects/animatic01/animatic03_scaletest__Untitled_011-mesh.wbin","material":"_3_-_Default-material.json","submaterials":[]}]]}],"editor":{"collapsed":true},"components":[["Transform",{"object_class":"Transform","uid":"@COMP-a44d69-edb2-14e989b-2f3","position":[-23.901670455932617,118.07260131835938,-34.275089263916016],"rotation":[-0.2419811636209488,0.6644133925437927,-0.664413332939148,-0.24198110401630402],"scaling":[1.0000001192092896,1,0.9999998807907104],"matrix":[-0.7657805681228638,-1.0805065642216505e-7,0.6431020498275757,0,-0.6431019902229309,7.893068953990223e-8,-0.765780508518219,0,5.0357840564174694e-8,-0.9999998807907104,-7.94777932355828e-8,0,-23.901670455932617,118.07260131835938,-34.275089263916016,1]}]]},{"object_class":"SceneNode","name":"Cylinder021","uid":"@animatic03_scaletest::Cylinder021","layers":3,"node_type":"NODE","flags":{"visible":true,"is_static":false,"selectable":true,"locked":false},"children":[{"object_class":"SceneNode","name":"Cylinder021_2","uid":"@animatic03_scaletest::Cylinder021_2","layers":3,"node_type":"NODE","material":"_3_-_Default-material.json","flags":{"visible":true,"is_static":false,"selectable":true,"locked":false},"editor":{"collapsed":true},"components":[["Transform",{"object_class":"Transform","uid":"@COMP-a44d69-edb2-1512f08-2fb","position":[0.000007629389983776491,0.000007629389983776491,0],"rotation":[-4.442324286202393e-9,-4.835773115274833e-9,-3.725300068424531e-9,1],"scaling":[1,1,1]}],["MeshRenderer",{"object_class":"MeshRenderer","enabled":true,"uid":"@COMP-a44d69-edb2-1d0cf0b-2fd","mesh":"brioluk/projects/animatic01/animatic03_scaletest__Untitled_054-mesh.wbin","material":"_3_-_Default-material.json","submaterials":[]}]]}],"editor":{"collapsed":true},"components":[["Transform",{"object_class":"Transform","uid":"@COMP-a44d69-edb2-179db48-2f9","position":[31.1812801361084,118.07260131835938,31.315460205078125],"rotation":[-0.2419811636209488,0.6644133925437927,-0.664413332939148,-0.24198110401630402],"scaling":[1.0000001192092896,1,0.9999998807907104],"matrix":[-0.7657805681228638,-1.0805065642216505e-7,0.6431020498275757,0,-0.6431019902229309,7.893068953990223e-8,-0.765780508518219,0,5.0357840564174694e-8,-0.9999998807907104,-7.94777932355828e-8,0,31.1812801361084,118.07260131835938,31.315460205078125,1]}]]},{"object_class":"SceneNode","name":"Cylinder022","uid":"@animatic03_scaletest::Cylinder022","layers":3,"node_type":"NODE","flags":{"visible":true,"is_static":false,"selectable":true,"locked":false},"children":[{"object_class":"SceneNode","name":"Cylinder022_2","uid":"@animatic03_scaletest::Cylinder022_2","layers":3,"node_type":"NODE","material":"_3_-_Default-material.json","flags":{"visible":true,"is_static":false,"selectable":true,"locked":false},"editor":{"collapsed":true},"components":[["Transform",{"object_class":"Transform","uid":"@COMP-a44d69-edb2-145a098-301","position":[0.000007629389983776491,0,0],"rotation":[3.2917000236665217e-9,-2.9250999400431965e-9,1.49011496475282e-8,1],"scaling":[1,1,1]}],["MeshRenderer",{"object_class":"MeshRenderer","enabled":true,"uid":"@COMP-a44d69-edb2-1a7b945-303","mesh":"brioluk/projects/animatic01/animatic03_scaletest__Untitled_019-mesh.wbin","material":"_3_-_Default-material.json","submaterials":[]}]]}],"editor":{"collapsed":true},"components":[["Transform",{"object_class":"Transform","uid":"@COMP-a44d69-edb2-1a70511-2ff","position":[-29.362979888916016,118.07260131835938,-28.772319793701172],"rotation":[-0.3011273443698883,0.6397830843925476,-0.6397829651832581,-0.3011273145675659],"scaling":[1.0000001192092896,1,0.9999998807907104],"matrix":[-0.6372893452644348,-1.0992840770995826e-7,0.7706247568130493,0,-0.7706246376037598,1.5986810808499285e-7,-0.63728928565979,0,-3.3660306542060425e-8,-0.9999998807907104,-1.452041971106155e-7,0,-29.362979888916016,118.07260131835938,-28.772319793701172,1]}]]},{"object_class":"SceneNode","name":"Cylinder023","uid":"@animatic03_scaletest::Cylinder023","layers":3,"node_type":"NODE","flags":{"visible":true,"is_static":false,"selectable":true,"locked":false},"children":[{"object_class":"SceneNode","name":"Cylinder023_2","uid":"@animatic03_scaletest::Cylinder023_2","layers":3,"node_type":"NODE","material":"_3_-_Default-material.json","flags":{"visible":true,"is_static":false,"selectable":true,"locked":false},"editor":{"collapsed":true},"components":[["Transform",{"object_class":"Transform","uid":"@COMP-a44d69-edb2-1d3889b-307","position":[-0.000007629389983776491,-0.000003814699994109105,0],"rotation":[-1.170589847276915e-9,6.970423349628163e-9,7.4505748237641e-9,1],"scaling":[1,1,1]}],["MeshRenderer",{"object_class":"MeshRenderer","enabled":true,"uid":"@COMP-a44d69-edb2-1ac55e5-309","mesh":"brioluk/projects/animatic01/animatic03_scaletest__Untitled_069-mesh.wbin","material":"_3_-_Default-material.json","submaterials":[]}]]}],"editor":{"collapsed":true},"components":[["Transform",{"object_class":"Transform","uid":"@COMP-a44d69-edb2-10c6fce-305","position":[-33.52035140991211,118.07260131835938,-22.767990112304688],"rotation":[0.35458216071128845,-0.6117772459983826,0.6117773652076721,0.35458216071128845],"scaling":[1.0000001192092896,1.0000001192092896,0.9999998807907104],"matrix":[-0.49708595871925354,8.453898203697463e-8,0.8677014112472534,0,-0.8677014112472534,-1.0655026727590666e-7,-0.4970859885215759,0,8.453896782611992e-8,-0.9999998211860657,1.8516786326472356e-7,0,-33.52035140991211,118.07260131835938,-22.767990112304688,1]}]]},{"object_class":"SceneNode","name":"Cylinder024","uid":"@animatic03_scaletest::Cylinder024","layers":3,"node_type":"NODE","flags":{"visible":true,"is_static":false,"selectable":true,"locked":false},"children":[{"object_class":"SceneNode","name":"Cylinder024_2","uid":"@animatic03_scaletest::Cylinder024_2","layers":3,"node_type":"NODE","material":"_3_-_Default-material.json","flags":{"visible":true,"is_static":false,"selectable":true,"locked":false},"editor":{"collapsed":true},"components":[["Transform",{"object_class":"Transform","uid":"@COMP-a44d69-edb2-1e63fcc-30d","position":[0,-0.0000019073499970545527,0],"rotation":[1.2135951132918876e-9,6.970423349628163e-9,-1.49011496475282e-8,1],"scaling":[1,1,1]}],["MeshRenderer",{"object_class":"MeshRenderer","enabled":true,"uid":"@COMP-a44d69-edb2-16c296d-30f","mesh":"brioluk/projects/animatic01/animatic03_scaletest__Untitled_065-mesh.wbin","material":"_3_-_Default-material.json","submaterials":[]}]]}],"editor":{"collapsed":true},"components":[["Transform",{"object_class":"Transform","uid":"@COMP-a44d69-edb2-11b2a13-30b","position":[40.79996109008789,118.07260131835938,19.808359146118164],"rotation":[0.35458216071128845,-0.6117772459983826,0.6117773652076721,0.35458216071128845],"scaling":[1.0000001192092896,1.0000001192092896,0.9999998807907104],"matrix":[-0.49708595871925354,8.453898203697463e-8,0.8677014112472534,0,-0.8677014112472534,-1.0655026727590666e-7,-0.4970859885215759,0,8.453896782611992e-8,-0.9999998211860657,1.8516786326472356e-7,0,40.79996109008789,118.07260131835938,19.808359146118164,1]}]]},{"object_class":"SceneNode","name":"Cylinder025","uid":"@animatic03_scaletest::Cylinder025","layers":3,"node_type":"NODE","flags":{"visible":true,"is_static"